3.04572427
3.15452415
3.16401770
3.22752786
3.27054411
3.26153056
3.30005437
3.30368665
3.36364926
3.36842911
3.48526290
3.41216368
3.46538508
3.45629190
3.43768796
3.54215695
3.57179172
3.52670470
3.50282807
3.57614621
3.55797290
3.54974278
3.51611965
3.55204212
3.60777693
3.69496125
3.60869319
3.66110134
3.67142934
3.60551018
3.62628091
3.62864925
3.61797364
3.66621733
3.63696124
3.77633501
3.75097111
3.76188716
3.77581726
3.78236465
3.73451563
3.71019929
3.70463894
3.78216185
3.73322773
3.83907124
3.87645006
3.83773574
3.82244810
3.82037063
3.86979020
3.82525303
3.86146805
3.85227331
3.80435584
3.89808245
3.89601699
3.86965232
3.82653339
3.81183926
3.88907843
3.97404633
3.99861754
3.95692171
3.98140984
3.91497322
3.98246891
3.91892459
3.96767147
3.98041315
3.90656179
3.90900026
3.96051977
3.99189841
3.98462306
3.94073273
3.91860839
3.91733801
3.92101049
3.93763581
3.91631809
3.93502528
3.91669195
4.04164603
4.03084553
4.04050033
4.09778138
4.06987127
4.02980883
4.04936302
4.02918554
4.01985532
4.04816082
4.05621287
4.05947933
4.07513794
4.06515579
4.05931925
4.08709377
4.05403484
4.09691897
4.03698597
4.04573629
4.02165549
4.18383211
4.10473979
4.12689891
4.13652299
4.10849297
4.14305416
4.11277159
4.14141552
4.19637837
4.12476683
4.14402843
4.15474862
4.16396776
4.11830568
4.14878099
4.16652494
4.17752822
4.11548619
4.18863635
4.14060580
4.11054548
4.12769613
4.19319785
4.13622098
4.15472600
4.19760755
4.14135689
4.18947208
4.17463469
4.19812473
4.12197415
4.27967530
4.27673081
4.26408233
4.29639996
4.23902951
4.27119400
4.28215155
4.20857875
4.25806702
4.24025772
4.22774141
4.23066173
4.22379586
4.22771319
4.23613488
4.26644971
4.21382778
4.22152723
4.22709846
4.27139918
4.24510098
4.21288031
4.29462470
4.22960474
4.25136220
4.29502125
4.21168723
4.22733548
4.28246940
4.25800892
4.27900246
4.21850776
4.27619121
4.28660433
4.23066392
4.31432467
4.32331224
4.32228430
4.39490679
4.34381924
4.33137880
4.32136908
4.34980652
4.31584232
4.37840835
4.35340514
4.30892134
4.34636897
4.38459496
4.32899720
4.34509990
4.34045501
4.36880146
4.35260196
4.39072067
4.35523823
4.31188621
4.37014049
4.34168805
4.30176005
4.37581380
4.38344775
4.32872449
4.32663382
4.37425154
4.30722088
4.34493229
4.33380402
4.36011935
4.36233940
4.35934090
4.35005072
4.39494628
4.34757503
4.33306781
4.32366061
4.34531505
4.30190793
4.36014557
4.32059824
4.36788671
4.37837346
4.31087461
4.31886698
4.30714054
4.35999408
4.42617932
4.47366941
4.46106437
4.43159113
4.43996085
4.40606953
4.48767410
4.42423878
4.44019320
4.49279872
4.47054768
4.40168668
4.40737688
4.46482016
4.40640176
4.43433560
4.46720522
4.40407689
4.49809356
4.40278209
4.40665659
4.40160804
4.49860107
4.47829452
4.48954750
4.41752710
4.47959812
4.42149911
4.41208731
4.46423767
4.48559993
4.42633683
4.48364307
4.48977739
4.48763422
4.41585024
4.45930320
4.49532688
4.41428762
4.44169306
4.49922566
4.50940250
4.59450266
4.55157796
4.53431410
4.51253153
4.54687254
4.55532832
4.54812826
4.56640258
4.53075739
4.54275952
4.55213263
4.59328772
4.56086092
4.57123723
4.54549051
4.59600161
4.52386293
4.50472175
4.55904776
4.53752359
4.55417076
4.54278742
4.50653126
4.58877328
4.59164415
4.55907828
4.59048782
4.57132159
4.52491289
4.50609164
4.52120161
4.54342471
4.56921544
4.51264806
4.57515021
4.54576274
4.58948881
4.54318016
4.57553962
4.54252936
4.51456831
4.53388726
4.54307358
4.54484738
4.50253135
4.58477551
4.56533233
4.56334893
4.52728106
4.53840369
4.59355658
4.57070563
4.53906948
4.55108969
4.50508006
4.50595992
4.59563207
4.59407254
4.57636705
4.62420856
4.64874202
4.65849350
4.62346876
4.63831704
4.68635842
4.61708766
4.63120645
4.65132490
4.63229024
4.66864704
4.60098433
4.68809417
4.60735453
4.63388631
4.60446626
4.60602402
4.60551837
4.65371591
4.63801741
4.62840619
4.64276282
4.68981244
4.69924546
4.63086477
4.69446108
4.61227992
4.69710236
4.64832314
4.60589464
4.62640573
4.67471918
4.62149655
4.69320085
4.68041117
4.68695301
4.69219768
4.68492817
4.65791103
4.62218843
4.67346441
4.62144098
4.66558855
4.65956954
4.68161710
4.60535586
4.63993503
4.62035400
4.69449232
4.67015489
4.69406678
4.69617801
4.63618642
4.68190123
4.60092972
4.61354312
4.62273156
4.68337971
4.63897430
4.61921634
4.61273784
4.65055036
4.68646111
4.69526195
4.69042966
4.69988036
4.64033674
4.68594962
4.77738182
4.78417497
4.74048907
4.74833412
4.78443293
4.72456105
4.73283302
4.71251513
4.77975805
4.71295102
4.77686052
4.72841816
4.74452712
4.70945760
4.71084645
4.79771508
4.71461029
4.75150187
4.78859366
4.77152919
4.72950773
4.76084110
4.75293514
4.72063047
4.79310927
4.74383434
4.76025937
4.73598459
4.79822884
4.79078422
4.77700604
4.73374561
4.74491371
4.73604088
4.78881648
4.75339672
4.73038406
4.76296727
4.76658469
4.77273521
4.70278165
4.72192687
4.71003143
4.76436149
4.75945953
4.72292958
4.71665582
4.76111240
4.74179159
4.74223992
4.72072476
4.79128506
4.76242099
4.79083357
4.76439997
4.76375307
4.76776689
4.70038522
4.71873530
4.73085816
4.70997517
4.86615686
4.81213922
4.85213515
4.85541354
4.84697295
4.86721684
4.87631961
4.80022775
4.83020965
4.84250335
4.80904067
4.86560239
4.85886573
4.84103339
4.87123724
4.87697916
4.83362384
4.86666093
4.88882602
4.82786821
4.87499205
4.87847698
4.80706148
4.80572733
4.81262976
4.83473812
4.81133870
4.80470199
4.89315252
4.88281410
4.89619598
4.88165579
4.80798628
4.82217657
4.85444523
4.84381928
4.86206534
4.80023288
4.82203475
4.80370290
4.80020075
4.82125138
4.87320874
4.88117657
4.88468087
4.89502486
4.81460060
4.87037318
4.80325814
4.86349681
4.85234626
4.81961153
4.86629316
4.84266314
4.81670335
4.82216619
4.88437607
4.85214196
4.87282334
4.85300945
4.80867333
4.82390568
4.88732572
4.80513438
4.89053232
4.89810086
4.88858233
4.82989018
4.87063543
4.98483196
4.97993761
4.94086345
4.96183879
4.99072467
4.96835126
4.92022742
4.94268864
4.98497208
4.97728048
4.96264446
4.91435634
4.92748150
4.90828662
4.96232939
4.92265369
4.96359158
4.98567448
4.97692049
4.90156598
4.96397399
4.96663307
4.97229387
4.91672642
4.90513813
4.99859840
4.91140609
4.99197460
4.97927319
4.96881315
4.97611228
4.97403425
4.94824458
4.90750985
4.92983646
4.92263863
4.91738303
4.91532705
4.96988043
4.99046793
4.94873055
4.90881650
4.90344497
4.93212399
4.90277473
4.93364680
4.95529697
4.97517631
4.99989530
4.95629416
4.96738059
4.96917475
4.95080532
4.96683272
4.94568114
4.94946671
4.92510487
5.04967872
5.08028778
5.04353938
5.08096146
5.00397244
5.09106586
5.05110396
5.04641716
5.00427686
5.02414325
5.06441671
5.06185598
5.01008373
5.02698466
5.05993147
5.01906011
5.08883187
5.03371993
5.03933110
5.02577097
5.03236110
5.03642684
5.06558354
5.05921206
5.05023326
5.02849840
5.01291583
5.01721709
5.00072895
5.00411855
5.04764473
5.01084636
5.08248726
5.07082007
5.02078491
5.05828486
5.02452171
5.06495666
5.04670181
5.03394542
5.07739537
5.06364989
5.09799327
5.05807321
5.03270986
5.06989424
5.02182612
5.03096528
5.09772115
5.08551312
5.08301704
5.09441095
5.06347813
5.03468461
5.00077956
5.06974386
5.08091384
5.05078807
5.01433851
5.09006205
5.03611278
5.02844373
5.04384097
5.08860386
5.05642843
5.02202865
5.02107281
5.07821780
5.09391111
5.00672329
5.02118855
5.02276816
5.04934333
5.00534497
5.00897110
5.06698449
5.03878435
5.05770533
5.08885288
5.03961606
5.03035942
5.01231135
5.18518975
5.10702491
5.12928453
5.11502210
5.19678860
5.10156523
5.16426656
5.18375136
5.19199207
5.14598300
5.12235509
5.16358262
5.12829239
5.11646837
5.13916584
5.13563868
5.17091548
5.15779547
5.18372443
5.10938565
5.17913295
5.14954362
5.15349174
5.15402329
5.16853843
5.10344815
5.19663196
5.12760083
5.19130659
5.18089140
5.15695352
5.10625407
5.17421239
5.16232865
5.10973506
5.19215771
5.17930923
5.19477207
5.16068669
5.18705724
5.10990098
5.19077987
5.16481804
5.14648043
5.10509314
5.16086302
5.17163674
5.13632015
5.16878292
5.11595102
5.15095593
5.14939470
5.11284122
5.15505428
5.19728218
5.15771018
5.16262549
5.18891565
5.13067511
5.15493999
5.19199316
5.19542849
5.10326504
5.11645978
5.16793024
5.10963508
5.11487301
5.14856226
5.27958312
5.26610748
5.28183177
5.28035199
5.28059951
5.28856767
5.24241820
5.28460828
5.29441979
5.29384504
5.20517616
5.29685991
5.29638527
5.27211045
5.24812021
5.26914190
5.23909112
5.24594864
5.21053660
5.23377675
5.27059434
5.29152228
5.28751476
5.26268117
5.20083508
5.23961242
5.25005058
5.23579696
5.20181315
5.20656990
5.24984685
5.23074631
5.29045320
5.26852510
5.24778347
5.26388139
5.24017795
5.27547680
5.27189712
5.26223261
5.29245408
5.28695981
5.26495581
5.21897704
5.25073937
5.25865558
5.23101885
5.27102390
5.23731927
5.27263182
5.20587900
5.21458521
5.20420786
5.28732171
5.20943591
5.22720735
5.25141909
5.24934800
5.22190862
5.28049286
5.22835056
5.21000473
5.29989797
5.24677973
5.29875565
5.21118166
5.22761717
5.27057224
5.23469104
5.25882930
5.20994149
5.31432249
5.35992718
5.31467318
5.34511059
5.32288503
5.36752847
5.31400793
5.39858181
5.35288328
5.38421282
5.34599180
5.37138719
5.34986372
5.39774671
5.30952962
5.35103233
5.32416820
5.30935848
5.32570236
5.35158152
5.36578045
5.35819656
5.35211274
5.33322162
5.32659530
5.33086773
5.34605893
5.33962883
5.38461724
5.36285511
5.32989878
5.34697615
5.32167858
5.33387913
5.36221316
5.36300421
5.38355691
5.33151932
5.39134097
5.39384414
5.37691116
5.31760191
5.38723936
5.31050248
5.30841700
5.35711419
5.35184201
5.33108435
5.32333954
5.37257100
5.35112380
5.38042884
5.34667224
5.39122731
5.32746993
5.39042419
5.32980306
5.34117606
5.32928058
5.39354967
5.33666010
5.31929332
5.38279379
5.36979210
5.38772832
5.32434078
5.35679675
5.38420806
5.34795025
5.42543417
5.44656887
5.47992171
5.48444780
5.49616648
5.49123264
5.42493670
5.42254740
5.48034646
5.46200911
5.44493138
5.40818362
5.47008582
5.41434935
5.45584671
5.43148987
5.45183370
5.47410717
5.47206581
5.46004509
5.48617865
5.41311615
5.41873474
5.48294389
5.45480732
5.44975404
5.48595760
5.40005170
5.49274817
5.43848557
5.47696664
5.46797232
5.44984328
5.41112013
5.41548075
5.41572425
5.43122098
5.47896507
5.48717874
5.46695124
5.47867385
5.45411963
5.49835967
5.45518994
5.42244726
5.46768862
5.48691604
5.46660268
5.43577732
5.46600516
5.47623653
5.46913863
5.40744297
5.44774917
5.51844815
5.56603473
5.55009976
5.54891811
5.54701748
5.59212636
5.57342340
5.50372139
5.54313983
5.52787742
5.58292500
5.50946780
5.57551644
5.51812961
5.57235900
5.51864727
5.50787608
5.53405816
5.53917534
5.57899449
5.51904097
5.51063253
5.59750455
5.54960869
5.55194398
5.56145706
5.56502851
5.58568286
5.59095462
5.54025910
5.51974753
5.51388962
5.50563061
5.52165278
5.52014939
5.58397740
5.50952212
5.58915938
5.55448845
5.50146458
5.56509720
5.52877865
5.55250630
5.56883823
5.50631298
5.51983166
5.58528711
5.59708272
5.52959023
5.56099142
5.68400796
5.64340383
5.63265990
5.63590549
5.65892443
5.64918923
5.60951412
5.66539830
5.61612295
5.67731324
5.67741757
5.69927018
5.68862649
5.65653727
5.66535911
5.67401344
5.65243248
5.63851950
5.69765476
5.68945394
5.61193356
5.60856270
5.61873942
5.65198592
5.62426810
5.64279235
5.66479132
5.65497628
5.68424654
5.62396271
5.66658119
5.60932361
5.68486818
5.65043669
5.62968587
5.67968940
5.63816254
5.67302948
5.60478507
5.63854688
5.62625934
5.65060906
5.65873421
5.69576458
5.63013891
5.61977871
5.75878697
5.77031438
5.78791824
5.78353698
5.72984862
5.73054471
5.72727769
5.75954008
5.76131972
5.73054130
5.79615876
5.79844747
5.74265786
5.76710055
5.72584145
5.71138113
5.78918837
5.76064175
5.77982714
5.73674664
5.77147079
5.77956514
5.76630538
5.79316965
5.75181125
5.73337348
5.71251069
5.74190820
5.77747814
5.71275597
5.74577277
5.71053923
5.70887992
5.77638779
5.75933901
5.73423435
5.75695105
5.74430225
5.79355554
5.72340419
5.79919171
5.72101698
5.79495515
5.79904399
5.76501733
5.77990211
5.72323198
5.74681561
5.78412612
5.79491483
5.73702255
5.75580938
5.74322832
5.80330835
5.83740342
5.88299890
5.89406406
5.86103965
5.80670334
5.84097961
5.80270659
5.86916909
5.86015357
5.85132880
5.84550423
5.83991320
5.82087042
5.83090196
5.83530743
5.89983464
5.86933307
5.88089417
5.88676890
5.89046516
5.80676705
5.84613920
5.82873210
5.87772072
5.85804721
5.88273019
5.82286468
5.85551772
5.84609090
5.86127143
5.80066849
5.80547509
5.88443477
5.87793750
5.89783024
5.84885676
5.99482775
5.91423799
5.90067071
5.93765944
5.97178469
5.98641587
5.95312675
5.95480779
5.90031465
5.95436706
5.90914211
5.95430442
5.92299099
5.90784432
5.94982746
5.90792501
5.90807407
5.90254765
5.99336301
5.97082938
5.95394592
5.95113561
5.91505703
5.91375290
5.96280490
5.95683403
5.90757229
5.95795572
5.93568215
5.97262461
5.90932008
5.93353599
5.95726436
5.99188229
5.98795997
5.95054768
5.94909184
6.08285372
6.02633666
6.04701522
6.09775902
6.04762124
6.00463725
6.05466237
6.08336634
6.05020784
6.00237562
6.00344071
6.01353939
6.02852844
6.00901195
6.07746517
6.07610795
6.00852560
6.03492235
6.02154548
6.07386712
6.04656418
6.05021928
6.13243049
6.15363754
6.11418434
6.16143592
6.14277480
6.11432706
6.13965118
6.16780730
6.12832326
6.15561429
6.15902560
6.16846040
6.12630507
6.15748464
6.13455591
6.18041501
6.17228471
6.17126665
6.14977751
6.13125041
6.13964754
6.19504048
6.16930859
6.18218104
6.22260287
6.28899976
6.23671540
6.26232680
6.29417816
6.21314945
6.22727883
6.27988265
6.25552065
6.20054584
6.28256704
6.27854574
6.28764388
6.28135986
6.24008066
6.25538846
6.28839950
6.22319316
6.38221422
6.33697628
6.32632851
6.31943312
6.37895160
6.33537135
6.37909619
6.38746271
6.30426325
6.34162959
6.31034001
6.33331642
6.39013666
6.42787514
6.47239663
6.41328679
6.42601464
6.48532594
6.49884066
6.42331062
6.42175952
6.43150888
6.44782240
6.49708300
6.43311845
6.47978096
6.55635520
6.51891292
6.56368775
6.51977047
6.59748491
6.52199230
6.52387276
6.55613983
6.51153020
6.67910220
6.63575436
6.63961308
6.62840129
6.61811756
6.63466997
6.74827907
6.74864003
6.78530510
6.71915150
6.71555791
6.72058100
6.86708721
6.82262281
6.87635949
6.85682854
6.85608454
6.94385547
6.93704888
6.90560138
6.95170645
6.96769793
7.00675464
7.09037106
7.09830424
7.06276734
7.08966241
7.03173542
7.14913435
7.17793489
7.17111139
7.14351854
7.14664495
7.21272660
7.26054263
7.24397163
7.27886200
7.29848422
7.23396398
7.33587483
7.37998194
7.35468166
7.32550444
7.35321325
7.30036395
7.30182359
7.49641635
7.49625984
7.41037072
7.49255172
7.44139592
7.40804818
7.54324250
7.51024076
7.52819038
7.53559003
7.50797957
7.58080340
7.52412088
7.56720439
7.57295172
7.51606121
7.63545311
7.63060944
7.65829486
7.63160284
7.69132304
7.62073982
7.61150222
7.64403710
7.60668367
7.68880526
7.70831574
7.76591935
7.79449841
7.77103473
7.74243650
7.73530863
7.78364809
7.74070832
7.78208258
7.73296979
7.78600243
7.78439257
7.72203905
7.72293410
7.83515019
7.88003961
7.84217391
7.82462242
7.88554404
7.88713328
7.89082406
7.80809713
7.80348130
7.86276729
7.81337435
7.81413202
7.91027562
7.99803541
7.96732436
7.98500160
7.95950495
7.99629085
7.97149184
7.97792770
7.94832400
7.94063223
7.91492045
7.98304237
8.03833243
8.01525746
8.08341298
8.05558340
8.06047669
8.09347647
8.07283050
8.07740375
8.09943455
8.09511441
8.04636659
8.01142392
8.05897391
8.05692856
8.01060973
8.05031878
8.02625469
8.00492330
8.06663514
8.13014423
8.17588957
8.13818101
8.17309170
8.15761501
8.11872167
8.13207031
8.10218938
8.18326191
8.11326794
8.12841789
8.13975512
8.18050856
8.10565250
8.16281270
8.13441707
8.10930845
8.26748708
8.21133563
8.25238002
8.27210315
8.27865772
8.27543611
8.28397228
8.24953683
8.22463115
8.28272241
8.25199328
8.28747117
8.26552653
8.28813446
8.26529695
8.28137898
8.27056353
8.26830065
8.36113450
8.30296689
8.39808572
8.39238393
8.35334643
8.38242342
8.30010216
8.36065464
8.34805878
8.37659335
8.31836955
8.32401649
8.33873746
8.37489114
8.39857247
8.35817539
8.39735656
8.38824102
8.31662888
8.34264888
8.32441885
8.30722421
8.31000212
8.39190625
8.31806158
8.38419935
8.44761373
8.43644274
8.49206188
8.46265960
8.44743647
8.49980464
8.41887908
8.48381136
8.42087343
8.40302251
8.40126488
8.41858961
8.43708996
8.48449364
8.43130359
8.48744835
8.48027482
8.44855508
8.45041637
8.43687396
8.58117615
8.52567426
8.56217449
8.55759973
8.50903951
8.57177484
8.56856414
8.56290247
8.57754495
8.53116709
8.58696823
8.50377209
8.58599313
8.50546676
8.53388276
8.57602103
8.50712302
8.57255165
8.50041670
8.56001711
8.58514929
8.53584930
8.51296969
8.52822333
8.52350384
8.68687051
8.62786316
8.66981966
8.62640909
8.60820764
8.63414578
8.60239990
8.63990709
8.65316541
8.63275611
8.64340864
8.66117883
8.66303273
8.66913601
8.69872296
8.67128609
8.60612084
8.69151669
8.67328841
8.61440507
8.69700743
8.62241116
8.61699538
8.69129669
8.60165941
8.68406646
8.66138415
8.75410532
8.71431482
8.75006753
8.75026380
8.79758980
8.76557425
8.73922332
8.79072149
8.74126239
8.71184636
8.70958182
8.77116761
8.75374598
8.72904265
8.70635247
8.73090076
8.74928914
8.75598944
8.71037410
8.70781699
8.76122765
8.73002177
8.79618625
8.75362389
8.88724116
8.88306479
8.83841701
8.85248857
8.81327934
8.84169171
8.84126574
8.83086519
8.89063992
8.85889188
8.80539215
8.85348267
8.81373945
8.85068928
8.87025106
8.89533905
8.89167635
8.83543825
8.87344137
8.81562287
8.85217683
8.85163135
8.87937603
8.85480601
8.88715863
8.89202326
8.83370983
8.94620354
8.94547144
8.91753384
8.98399529
8.98089721
8.94567684
8.98797946
8.96180726
8.95614416
8.90312225
8.98914194
8.92131413
8.94153024
8.94276324
8.96783740
8.95737599
8.95937680
8.90972200
8.94490324
8.92050260
8.97278938
8.96635163
8.94002400
9.04576214
9.02790794
9.05645921
9.03563280
9.08148037
9.08291557
9.05777612
9.06475985
9.01354841
9.01073462
9.03546369
9.09241693
9.05947073
9.00258264
9.08119480
9.02817543
9.07360735
9.07855906
9.04915528
9.07318110
9.02155044
9.06940696
9.06958510
9.00704954
9.03576088
9.06150592
9.06231293
9.09640862
9.08731564
9.09499408
9.07007222
9.13617597
9.18135556
9.10643978
9.12355684
9.11330404
9.16288546
9.15600707
9.15971441
9.11044791
9.16300276
9.11331546
9.15284831
9.12196753
9.18705949
9.15827439
9.19676943
9.12366015
9.18354404
9.15105988
9.18967137
9.10196905
9.18927832
9.15643089
9.19645971
9.13048098
9.17629130
9.11165356
9.14406183
9.11310398
9.16613938
9.25874589
9.20383745
9.20242987
9.29093777
9.23755090
9.29852380
9.20541700
9.21967707
9.22380872
9.23014673
9.28108077
9.27121159
9.21873006
9.22713834
9.24468810
9.25141612
9.23053427
9.21217781
9.29852889
9.21431184
9.24035056
9.22084659
9.28069721
9.29780263
9.24789167
9.26344733
9.29110467
9.36394139
9.39351654
9.37594014
9.38185073
9.36817490
9.31716060
9.34761500
9.37096839
9.33495094
9.35782382
9.33520789
9.37387192
9.37924760
9.38004674
9.37213095
9.37383300
9.34632292
9.37752829
9.33396570
9.35586520
9.35502798
9.38071317
9.39735131
9.36715802
9.38122257
9.36255377
9.35268565
9.39615559
9.49232603
9.46320193
9.40416712
9.41771689
9.46890551
9.40395896
9.41928818
9.42164338
9.42511256
9.45036286
9.48499709
9.41952462
9.43446636
9.41025001
9.41003835
9.40425634
9.45040750
9.43772754
9.46959905
9.49429108
9.46044683
9.43403595
9.46749873
9.52711967
9.56082090
9.55012593
9.57654824
9.52186316
9.59488739
9.54033103
9.59390056
9.55546329
9.57817894
9.50659007
9.57365153
9.57463284
9.52526670
9.57600941
9.52294741
9.51737271
9.59275206
9.52049419
9.51634241
9.57076110
9.58719754
9.57452934
9.53370359
9.53435955
9.66490166
9.65773427
9.66987175
9.61332899
9.65371560
9.60340309
9.67654843
9.64916918
9.62138920
9.65789516
9.68651848
9.69210688
9.61798196
9.69813001
9.61954916
9.67534612
9.63180396
9.62626457
9.68599955
9.61660258
9.67684040
9.61393459
9.65944084
9.78884918
9.74834113
9.70976467
9.78406945
9.79758474
9.73040994
9.78234638
9.77728989
9.78908765
9.70648257
9.70816867
9.72926837
9.77654186
9.71715407
9.73829556
9.72339213
9.77592270
9.70115342
9.77102588
9.71201832
9.79618608
9.76998153
9.79434012
9.79157571
9.77247349
9.73648021
9.81262221
9.80249384
9.80460928
9.86555038
9.89078587
9.87120597
9.82941896
9.81131914
9.86440725
9.80016437
9.87078085
9.88882479
9.89029902
9.81371632
9.87436013
9.85885642
9.85005783
9.81753455
9.87249862
9.98111172
9.92451463
9.92315586
9.94146365
9.96196619
9.98266519
9.95278940
9.96898710
9.98305212
9.90681122
9.95046479
9.95882765
9.92310712
9.98303408
9.92023166
9.98421615
9.93037270
9.93209134
10.08012397
10.06337310
10.05346962
10.00432761
10.08954831
10.06640128
10.03263408
10.08309855
10.04670032
10.02451216
10.03830798
10.07413749
10.04163361
10.02064755
10.07109456
10.03299575
10.08045756
10.03805307
10.09078614
10.17681796
10.15387039
10.15033969
10.11574908
10.10712949
10.17637942
10.12075237
10.14928011
10.13896025
10.14080386
10.10652602
10.13963129
10.14149507
10.11746762
10.11979029
10.17804541
10.17481736
10.11957629
10.22052141
10.28497971
10.23530962
10.20916948
10.26296923
10.22703908
10.24503774
10.26736745
10.21011996
10.20511130
10.22360996
10.23869379
10.26719242
10.38703744
10.32710905
10.32502123
10.30453185
10.32535763
10.35308277
10.37452069
10.31220852
10.39790939
10.39971966
10.39704939
10.37835585
10.48109383
10.49183835
10.44521310
10.47826756
10.43344490
10.45683920
10.40497650
10.40986169
10.47786794
10.40654218
10.47310206
10.42311056
10.57465543
10.58944051
10.58376493
10.54330280
10.51396949
10.58520778
10.51512815
10.64686970
10.66138767
10.69999595
10.66322222
10.63155545
10.62699622
10.68870188
10.78631577
10.79377090
10.72365944
10.71960339
10.79924071
10.86796811
10.84559721
10.85843744
10.86323320
10.85974344
10.80625158
10.99473426
10.99781611
10.94596808
10.99767543
11.08972610
11.07456532
11.00195688
11.03382370
11.19812734
11.19042776
11.21259650
11.26964409
11.39308078
11.49966875
11.53517771
